BOA* + CH	2995	2515	27	8	1	0.065535	0.065367
BOA* + CH	1443	433	65	17	2	0.059008	0.058683
BOA* + CH	22660	16133	139	34	2	0.061574	0.060379
BOA* + CH	35027	15790	169	18	2	0.055688	0.05485
BOA* + CH	199719	25126	438	49	2	0.058207	0.0557
BOA* + CH	15430	13102	175	36	3	0.057976	0.056691
BOA* + CH	78621	73259	118	27	3	0.056938	0.056188
BOA* + CH	4531	638	132	24	4	0.054118	0.053238
BOA* + CH	25783	25006	308	48	5	0.053622	0.0516
BOA* + CH	36255	28938	299	62	6	0.055544	0.053804
BOA* + CH	59415	57572	243	38	6	0.052047	0.050765
BOA* + CH	119727	59624	205	59	6	0.054157	0.052571
BOA* + CH	36925	22048	572	149	9	0.062622	0.057775
BOA* + CH	118369	50577	581	121	9	0.05883	0.054753
BOA* + CH	14361	9409	243	95	10	0.053344	0.051695
BOA* + CH	34163	31977	438	165	11	0.057546	0.053583
BOA* + CH	76252	62469	350	140	12	0.053899	0.051367
BOA* + CH	28221	17517	408	129	13	0.056261	0.053223
BOA* + CH	44994	37058	513	267	15	0.061147	0.053343
BOA* + CH	95256	35388	801	296	21	0.060887	0.053948
BOA* + CH	181547	162984	417	170	21	0.057041	0.053209
BOA* + CH	256351	4977	361	134	23	0.055898	0.053193
BOA* + CH	41228	23956	615	305	26	0.057784	0.050583
BOA* + CH	164821	158010	602	328	26	0.061176	0.055003
BOA* + CH	261555	181288	1297	498	26	0.06985	0.053918
BOA* + CH	62542	24671	2253	366	27	0.07002	0.055732
BOA* + CH	100382	20098	1572	548	27	0.07261	0.056764
BOA* + CH	213528	67115	1307	367	28	0.070837	0.058562
BOA* + CH	48021	38268	915	406	30	0.074742	0.062905
BOA* + CH	225008	31517	727	261	30	0.06125	0.055117
BOA* + CH	195672	181405	2821	659	32	0.084768	0.056703
BOA* + CH	24977	18201	664	302	34	0.061324	0.05506
BOA* + CH	200004	30228	1886	793	37	0.078289	0.056179
BOA* + CH	138538	3324	1088	542	41	0.062024	0.053435
BOA* + CH	253906	234570	1530	704	42	0.080215	0.060849
BOA* + CH	28493	5425	3367	753	43	0.094606	0.062509
BOA* + CH	20754	7330	342	189	44	0.060442	0.057303
BOA* + CH	39855	20386	1325	510	47	0.068732	0.05138
BOA* + CH	40931	18273	2246	676	49	0.098219	0.072857
BOA* + CH	36274	34196	3426	1016	50	0.098769	0.064098
BOA* + CH	90568	57876	1255	707	50	0.069987	0.057724
BOA* + CH	178689	1476	1718	552	55	0.069207	0.053746
BOA* + CH	250971	8825	2389	662	56	0.082306	0.060471
BOA* + CH	125217	38247	4226	1332	60	0.106358	0.064182
BOA* + CH	249958	179744	2000	1185	64	0.076301	0.051166
BOA* + CH	48345	4503	4304	1553	65	0.117876	0.058909
BOA* + CH	149399	60601	2134	862	65	0.085838	0.058304
BOA* + CH	134597	85328	20167	3668	75	0.229497	0.058983
BOA* + CH	68380	18692	8774	1407	86	0.125494	0.057368
BOA* + CH	177807	18352	4198	1987	86	0.111745	0.053061
BOA* + CH	186123	3616	2693	948	88	0.070884	0.050855
BOA* + CH	198304	20764	3089	1206	88	0.0874	0.053874
BOA* + CH	41921	22388	13940	4057	89	0.209527	0.052437
BOA* + CH	45994	12187	6761	1416	89	0.104614	0.053538
BOA* + CH	111194	99775	2870	865	91	0.077174	0.053195
BOA* + CH	195290	155602	20320	3913	96	0.248142	0.055848
BOA* + CH	35044	5537	7633	1865	104	0.118881	0.055384
BOA* + CH	220385	165371	12149	5504	108	0.212038	0.051822
BOA* + CH	251638	207423	4503	1152	108	0.092345	0.053524
BOA* + CH	67627	25726	12364	2484	111	0.167932	0.053528
BOA* + CH	10081	4812	1736	909	114	0.076631	0.052894
BOA* + CH	222011	63311	2529	735	114	0.076487	0.054955
BOA* + CH	16545	4293	2973	1083	116	0.079675	0.052724
BOA* + CH	47198	7430	13963	2987	116	0.188755	0.053932
BOA* + CH	241775	173475	10290	3557	121	0.15621	0.050838
BOA* + CH	69469	4625	45809	7210	123	0.450149	0.053942
BOA* + CH	151206	80906	2800	1414	142	0.08564	0.057276
BOA* + CH	65826	40164	13308	2655	150	0.175296	0.052799
BOA* + CH	121237	41114	10567	1695	152	0.151075	0.05419
BOA* + CH	12856	6411	7981	3500	164	0.190049	0.067137
BOA* + CH	153314	147209	20349	6258	165	0.274491	0.05606
BOA* + CH	141879	21617	11767	3657	168	0.181551	0.059077
BOA* + CH	150351	114427	8918	5047	173	0.173368	0.051438
BOA* + CH	229305	122937	22391	4390	173	0.2378	0.050221
BOA* + CH	223402	214993	5360	2734	196	0.117268	0.05311
BOA* + CH	220444	112320	25226	3980	199	0.242633	0.050463
BOA* + CH	135529	74225	21449	5337	200	0.259074	0.049584
BOA* + CH	230583	70149	12254	3300	202	0.166263	0.04799
BOA* + CH	140274	112105	9256	3400	205	0.163697	0.056469
BOA* + CH	140656	30391	22194	6186	214	0.294547	0.052152
BOA* + CH	37208	6014	71891	11423	215	0.680961	0.056337
BOA* + CH	240557	161333	27649	5473	220	0.313081	0.052425
BOA* + CH	154145	126806	66619	17070	221	0.824866	0.062407
BOA* + CH	210149	67703	50951	15053	227	0.659601	0.053065
BOA* + CH	136819	47443	26848	6386	228	0.300859	0.05169
BOA* + CH	32916	5186	5866	2695	229	0.125155	0.05073
BOA* + CH	183534	36489	15877	4945	241	0.213482	0.052676
BOA* + CH	237332	58601	71018	13400	241	0.763099	0.049547
BOA* + CH	237935	58802	55989	11597	244	0.636947	0.052001
BOA* + CH	159467	87587	20986	5955	245	0.244863	0.051723
BOA* + CH	201043	125328	52986	13177	249	0.657257	0.053472
BOA* + CH	217848	93272	67816	13258	265	0.698582	0.047816
BOA* + CH	183976	97618	36328	9869	284	0.445559	0.05145
BOA* + CH	161158	2532	15716	7848	362	0.258879	0.050782
BOA* + CH	151088	21713	35018	7680	363	0.377783	0.05725
BOA* + CH	234245	69549	86555	18289	421	0.980788	0.062436
BOA* + CH	222680	201425	45438	12812	438	0.603518	0.059604
BOA* + CH	219717	174928	98514	31585	465	1.24554	0.049134
BOA* + CH	175312	118708	151810	32877	509	1.58259	0.050523
BOA* + CH	208360	99990	269330	48924	646	3.19228	0.060194
