BOA* + CH	2995	2515	27	8	1	0.279489	0.279212
BOA* + CH	1443	433	58	18	2	0.288738	0.28825
BOA* + CH	22660	16133	133	49	2	0.288526	0.287461
BOA* + CH	35027	15790	124	33	2	0.310088	0.309172
BOA* + CH	199719	25126	454	112	2	0.336458	0.333591
BOA* + CH	15430	13102	174	69	3	0.2804	0.27889
BOA* + CH	78621	73259	107	46	3	0.256435	0.255647
BOA* + CH	4531	638	82	25	4	0.260019	0.259321
BOA* + CH	25783	25006	254	96	5	0.312604	0.310306
BOA* + CH	36255	28938	248	95	6	0.286999	0.285146
BOA* + CH	59415	57572	188	56	6	0.28123	0.279992
BOA* + CH	119727	59624	178	76	6	0.314322	0.312575
BOA* + CH	36925	22048	624	286	9	0.305856	0.300736
BOA* + CH	118369	50577	830	329	9	0.281964	0.275867
BOA* + CH	14361	9409	284	157	10	0.263973	0.261648
BOA* + CH	34163	31977	628	348	11	0.264928	0.260009
BOA* + CH	76252	62469	638	316	12	0.262532	0.258003
BOA* + CH	28221	17517	647	232	13	0.28436	0.279757
BOA* + CH	44994	37058	904	599	15	0.285185	0.276203
BOA* + CH	95256	35388	1589	676	21	0.31253	0.301124
BOA* + CH	181547	162984	915	382	21	0.274468	0.267669
BOA* + CH	256351	4977	509	212	23	0.281195	0.277753
BOA* + CH	41228	23956	1302	775	26	0.304276	0.289402
BOA* + CH	164821	158010	1076	624	26	0.29109	0.281678
BOA* + CH	261555	181288	3150	1609	26	0.317877	0.289796
BOA* + CH	62542	24671	4128	1128	27	0.315643	0.287507
BOA* + CH	100382	20098	4531	1857	27	0.380807	0.343758
BOA* + CH	213528	67115	3035	1106	28	0.31448	0.291605
BOA* + CH	48021	38268	1082	584	30	0.284903	0.275311
BOA* + CH	225008	31517	745	424	30	0.267949	0.262576
BOA* + CH	195672	181405	5245	1929	32	0.306412	0.26873
BOA* + CH	24977	18201	821	469	34	0.28692	0.278662
BOA* + CH	200004	30228	4691	2512	37	0.434648	0.391687
BOA* + CH	138538	3324	2954	1625	41	0.328805	0.303509
BOA* + CH	253906	234570	4653	2504	42	0.315283	0.275632
BOA* + CH	28493	5425	10308	3688	43	0.364786	0.285062
BOA* + CH	20754	7330	405	283	44	0.281198	0.277711
BOA* + CH	39855	20386	2242	1208	47	0.291056	0.272312
BOA* + CH	40931	18273	3213	1269	49	0.290825	0.265437
BOA* + CH	36274	34196	9913	4523	50	0.385561	0.290634
BOA* + CH	90568	57876	3839	2087	50	0.324901	0.294496
BOA* + CH	178689	1476	4602	1961	55	0.307298	0.271144
BOA* + CH	250971	8825	4108	1894	56	0.306416	0.274126
BOA* + CH	125217	38247	5559	2834	60	0.325035	0.274134
BOA* + CH	249958	179744	7210	4489	64	0.336979	0.274406
BOA* + CH	48345	4503	11550	5205	65	0.366356	0.267637
BOA* + CH	149399	60601	4968	2379	65	0.345123	0.305388
BOA* + CH	134597	85328	67591	22586	75	0.833825	0.262013
BOA* + CH	68380	18692	15645	5241	86	0.385444	0.269028
BOA* + CH	177807	18352	15460	8155	86	0.414625	0.270437
BOA* + CH	186123	3616	9832	3626	88	0.3764	0.293025
BOA* + CH	198304	20764	7226	3073	88	0.340579	0.283708
BOA* + CH	41921	22388	40952	17374	89	0.627723	0.263054
BOA* + CH	45994	12187	12522	4042	89	0.349072	0.259738
BOA* + CH	111194	99775	4736	2270	91	0.29984	0.262667
BOA* + CH	195290	155602	47575	16205	96	0.704694	0.262644
BOA* + CH	35044	5537	20407	6766	104	0.439473	0.284094
BOA* + CH	220385	165371	55182	24768	108	0.841549	0.295335
BOA* + CH	251638	207423	9358	3661	108	0.364252	0.287876
BOA* + CH	67627	25726	42957	15257	111	0.751275	0.315019
BOA* + CH	10081	4812	2853	1435	114	0.301455	0.278608
BOA* + CH	222011	63311	5143	2062	114	0.320181	0.27135
BOA* + CH	16545	4293	6643	3449	116	0.332955	0.277241
BOA* + CH	47198	7430	26413	11233	116	0.50745	0.269301
BOA* + CH	241775	173475	34707	16752	121	0.615253	0.301282
BOA* + CH	69469	4625	127209	43426	123	1.49969	0.27255
BOA* + CH	151206	80906	11260	5676	142	0.390139	0.285623
BOA* + CH	65826	40164	30934	10234	150	0.575411	0.322563
BOA* + CH	121237	41114	20669	6447	152	0.433101	0.279933
BOA* + CH	12856	6411	22944	12002	164	0.496579	0.277502
BOA* + CH	153314	147209	60747	23764	165	0.819482	0.266542
BOA* + CH	141879	21617	25178	10826	168	0.457596	0.251705
BOA* + CH	150351	114427	33552	17439	173	0.582851	0.258877
BOA* + CH	229305	122937	64080	24317	173	0.867902	0.269706
BOA* + CH	223402	214993	19142	9117	196	0.440468	0.282488
BOA* + CH	220444	112320	53089	16183	199	0.65469	0.261694
BOA* + CH	135529	74225	83722	26990	200	0.965852	0.26071
BOA* + CH	230583	70149	49301	18070	202	0.716395	0.289952
BOA* + CH	140274	112105	27991	11490	205	0.536046	0.287207
BOA* + CH	140656	30391	77297	30802	214	0.956791	0.269464
BOA* + CH	37208	6014	188650	65428	215	2.04201	0.277453
BOA* + CH	240557	161333	70217	27260	220	0.911021	0.313645
BOA* + CH	154145	126806	212989	83770	221	2.33938	0.260217
BOA* + CH	210149	67703	179641	70717	227	2.0974	0.269463
BOA* + CH	136819	47443	84307	24400	228	0.973977	0.278879
BOA* + CH	32916	5186	12574	6092	229	0.420764	0.303739
BOA* + CH	183534	36489	46859	17426	241	0.666802	0.278325
BOA* + CH	237332	58601	197154	63718	241	2.09752	0.276342
BOA* + CH	237935	58802	144190	44362	244	1.57106	0.270071
BOA* + CH	159467	87587	89579	35568	245	1.16119	0.276539
BOA* + CH	201043	125328	152531	59724	249	1.83885	0.272897
BOA* + CH	217848	93272	196213	70312	265	2.1756	0.257794
BOA* + CH	183976	97618	106413	38802	284	1.23658	0.275579
BOA* + CH	161158	2532	56595	32288	362	0.857611	0.279268
BOA* + CH	151088	21713	93022	30822	363	1.08728	0.274271
BOA* + CH	234245	69549	247150	95286	421	2.76305	0.302343
BOA* + CH	222680	201425	164869	58454	438	1.75808	0.273848
BOA* + CH	219717	174928	363426	160101	465	4.29441	0.272389
BOA* + CH	175312	118708	513516	196688	509	5.86474	0.290684
BOA* + CH	208360	99990	791641	276310	646	8.75682	0.261681
